66.3440335628907,-47.2071584091511,0.507462686567164
66.344331212086,-47.1849111311058,0.527363184079602
66.344685339132,-47.1626683517241,0.455882352941177
66.3449719808392,-47.1402520384134,0.441176470588235
66.3451496084915,-47.1179953769366,0.428571428571429
66.345528229163,-47.0957548802587,0.363636363636364
66.3459368603066,-47.073349537984,0.191176470588235
66.346118245806,-47.0509253202966,0.444444444444445
66.3463241218123,-47.0286694736611,0.0246913580246914
66.346680295587,-47.0064244115584,0.0490196078431373
66.3470014746569,-46.9840085135223,0.112745098039216
66.3471974827163,-46.9617506771968,0.148148148148148
66.347438275092,-46.9394961399719,0.0701754385964912
66.3477617576907,-46.9170802767359,0.132352941176471
66.3480259916515,-46.8948270363365,0.104477611940298
66.3482597844111,-46.8725711599198,0.151960784313726
66.3485623861389,-46.8501525946926,0.112745098039216
66.3488373235675,-46.8278992114271,0.0746268656716418
66.3490184226456,-46.805639173584,0.0686274509803921
66.3492282667379,-46.7833772611546,0.0925925925925926
66.349559748024,-46.7608798283566,0.0686274509803921
66.3498156888293,-46.738456949666,0.0147058823529412
66.3499450569407,-46.7161939473036,0
66.3501937377888,-46.6939376971055,0.0350877192982456
66.3505237934568,-46.6715205900834,0.0196078431372549
66.3507459935149,-46.6492636849009,0.0149253731343284
66.3508858300991,-46.6270026435261,0.0175438596491228
66.351160951062,-46.6045821191784,0.0606060606060606
66.3514805938851,-46.5823311014749,0.0398009950248756
66.3517397681062,-46.5600741668821,0.0833333333333333
66.3519559700907,-46.5376460377824,0.0588235294117647
66.3521777531454,-46.5153854801499,0
66.3523821301682,-46.4931239988864,0.0343137254901961
66.3525630865518,-46.4706936745458,0.0490196078431372
66.3527787390988,-46.4482648677492,0.00490196078431373
66.3529940369385,-46.4260032704029,0.0348258706467662
66.3531571907142,-46.4037387301136,0.00980392156862745
66.3533687482509,-46.3813090879097,0.0441176470588235
66.3535868857893,-46.3590470498883,0.00995024875621891
66.3537531479874,-46.3369454235733,0.0248756218905473
66.3539344335956,-46.3144026833365,0.0637254901960784
66.3541286473249,-46.2919715894416,0.053921568627451
66.3543054968754,-46.2697069240048,0.0398009950248756
66.3544333528772,-46.247440248835,0.0196078431372549
66.3544146106168,-46.2250040027549,0.0392156862745098
66.3544210031472,-46.2027355112423,0.0202020202020202
66.3545545000566,-46.1804687367102,0.0123456790123457
66.3547543766137,-46.1580376405661,0.0408163265306122
66.3549875577104,-46.1357761724342,0.0199004975124378
66.3550638571019,-46.1135082346009,0.0310077519379845
66.3551648760584,-46.0910725634044,0.0526315789473684
66.3553691216685,-46.0686413816089,0.0208333333333333
66.3556581309457,-46.0463829067532,0.0123456790123457
66.3559415384017,-46.0241237611016,0.0251572327044025
66.3561237325304,-46.0016913222418,0.0147058823529412
66.3561844833378,-45.9794210018548,0.0348258706467662
66.3561987060813,-45.9571501407566,0.0130718954248366
66.356260847547,-45.9347127048858,0
66.356424067055,-45.9124457253043,0.0242424242424242
66.3566091045044,-45.8903426896472,0.016260162601626
66.3568195152231,-45.8677137506739,0.00980392156862745
66.3568835577581,-45.8454435736382,0.00793650793650794
66.3570079998,-45.8231746822208,0.0441176470588235
66.3571918732481,-45.8007404694517,0.0408163265306122
66.3571679450037,-45.7784715455101,0.0256410256410256
66.3569186743782,-45.756209058955,0.0123456790123457
66.3572971290001,-45.711360110361,0.126984126984127
66.3576815498183,-45.6891117536955,0.179487179487179
66.3577378710801,-45.6668413607318,0.0686274509803921
66.3577545433756,-45.6444017781183,0.0343137254901961
66.3578163843229,-45.6221304035216,0.113636363636364
66.3578654580997,-45.599859790769,0.0735294117647059
66.357755935484,-45.5774237954199,0.266666666666667
66.3577992261311,-45.5551546341633,0.159420289855072
66.3579644623184,-45.53288773418,0.127450980392157
66.3580736219437,-45.5104511284449,0.194444444444444
66.3582024026689,-45.4880144032621,0.147058823529412
66.3582770947009,-45.4657431389009,0.313432835820895
66.3583312994367,-45.4436339383714,0.288557213930348
66.3584295671399,-45.4210508394578,0.313725490196078
66.3584669458745,-45.3987792334066,0.293532338308458
66.3584351343343,-45.3765071098571,0.344827586206896
66.3585060104958,-45.3540679971823,0.294117647058823
66.3585731750486,-45.3317963083854,0.293532338308458
66.3585852528119,-45.3095242047377,0.441176470588235
66.3586201417625,-45.2870847544202,0.504901960784314
66.3586729345578,-45.2646452478554,0.563725490196078
66.3587120795993,-45.2423735069448,0.577114427860696
66.3587055985689,-45.2201017769998,0.672316384180791
66.3587378146978,-45.1976627874268,0.756944444444444
66.3588012406338,-45.1753910224671,0.472636815920398
66.3587744929067,-45.1531185212421,0.465686274509804
66.3587558311503,-45.1306784659104,0.46078431372549
66.3587691543786,-45.1084059000673,0.45273631840796
66.3588040859369,-45.0861334887075,0.524509803921569
66.358784778797,-45.063693718628,0.406862745098039
66.3587432009717,-45.0412541507802,0.422222222222222
66.3585778654166,-45.0189863380896,0.574358974358974
66.3583587604122,-44.9968848536978,0.54320987654321
66.3584142010457,-44.9519398641919,0.511111111111111
66.3586650514316,-44.9296783019902,0.504065040650407
66.3587597727271,-44.9074107580444,0.591836734693878
66.3586781726563,-44.8849730683734,0.534313725490196
66.3585263891967,-44.8627048802047,0.69811320754717
66.3584111180838,-44.8404351239702,0.484848484848485
66.3584564168713,-44.817996105796,0.651960784313725
66.3584941346108,-44.7957241185498,0.771144278606965
66.3584795065533,-44.7734521451165,0.563725490196078
66.3583832170715,-44.7510138860943,0.550387596899225
66.3583688982636,-44.7285744942458,0.544117647058823
66.3583665867649,-44.7063023738292,0.686567164179104
66.3583131443872,-44.6840306482585,0.612745098039216
66.358250314528,-44.6615916345536,0.573529411764706
66.3581895788396,-44.6393201907522,0.681592039800995
66.3581441069512,-44.6170489679565,0.676470588235294
66.3581002847576,-44.5946104853493,0.67156862745098
66.3579896689889,-44.5723406789843,0.582089552238806
66.3578265343819,-44.5502344348914,0.666666666666667
66.3577173622426,-44.5275748613348,0.676470588235294
66.3576026977992,-44.5053054546434,0.621890547263682
66.3575725844215,-44.4830349611809,0.818627450980392
66.3575538163784,-44.4605974399189,0.700980392156863
66.3574171113989,-44.4383294392683,0.835820895522388
66.3572729081233,-44.4160617267484,0.818627450980392
66.3572225770948,-44.3936239097215,0.887254901960784
66.3571930008946,-44.3711857019672,0.676470588235294
66.3570384886694,-44.348918987045,0.804597701149425
66.3568764438988,-44.3266528265372,0.858585858585859
66.3568459345743,-44.3042154717923,0.872549019607843
66.356765795145,-44.2819462479823,0.850746268656716
66.3566195428216,-44.2596788515132,0.862745098039216
66.3564794371048,-44.237243871253,0.92156862745098
66.3563815473026,-44.2149751708078,0.900497512437811
66.3562623311294,-44.1927076667701,0.872549019607843
66.3561063952383,-44.1702739520001,0.941176470588235
66.3559660426436,-44.1478394970499,0.892156862745098
66.3558495743969,-44.1255717236734,0.860696517412935
66.3557223463656,-44.1034675502945,0.90547263681592
66.3555501866366,-44.08091497211,0.759803921568627
66.3554157798961,-44.0586484682731,0.900497512437811
66.3553215757064,-44.0363807464404,0.823529411764706
66.3551580885954,-44.0139485481522,0.784313725490196
66.3549335157736,-43.99152030747,1.00490196078431
66.3548014274447,-43.9692553149397,0.925373134328358
66.3547104348552,-43.9469888229002,0.92156862745098
66.3545062239081,-43.9245601243486,0.92156862745098
66.3542672736595,-43.9023011368346,0.947712418300653
66.3541452540479,-43.8800360435992,0.975490196078431
66.3540224659494,-43.85760585229,0.911764705882353
66.3538244214111,-43.835348141106,0.860696517412935
66.3536389355892,-43.8130907800939,0.867647058823529
66.3534722018805,-43.7906619814749,0.92156862745098
66.3532296774539,-43.7682362464681,0.861635220125786
66.3530300060619,-43.7459762116072,0.8
66.352922167542,-43.7237116599547,0.794117647058823
66.3527378034423,-43.701282522107,0.818627450980392
66.3524846733816,-43.6790249488388,0.835820895522388
66.3522755307391,-43.6569275380514,0.81592039800995
66.3521147654298,-43.6343529501214,0.808823529411765
66.35189942895,-43.6119263121186,0.857843137254902
66.351638492092,-43.5896704045965,0.661691542288557
66.3514368456707,-43.5674104919698,0.769607843137255
66.3512640514651,-43.5449817430674,0.808823529411765
66.3510244242142,-43.5227246886733,0.781094527363184
66.3507705864278,-43.5004686824688,0.774509803921568
66.3505697822517,-43.4780422551285,0.872549019607843
66.3503856149442,-43.4557825217863,0.855721393034826
66.3501410025527,-43.4335265100237,0.916666666666666
66.3498727897104,-43.4111050797118,0.799019607843137
66.3495966719824,-43.3886844003789,0.931372549019608
66.3493525901554,-43.3664289066192,0.915422885572139
66.3491535810223,-43.3441708175863,0.911764705882353
66.3489021382721,-43.3217494128658,0.78921568627451
66.3486060304798,-43.2995085036332,0.913793103448276
66.3483633865482,-43.2772579633296,0.859649122807017
66.3481443516712,-43.2548344312373,0.892156862745098
66.347847330804,-43.2325846779875,0.935323383084577
66.3475672570151,-43.2104963725936,0.940298507462687
66.347357540055,-43.1878756212319,0.92156862745098
66.3471127330645,-43.1656227131045,0.975124378109453
66.3467456725569,-43.1433800014051,0.981481481481482
66.3465146883238,-43.1209593545378,0.95906432748538
66.34631172309,-43.0985370198463,0.990196078431372
66.3459773094268,-43.0762921203143,0.990049751243781
66.3456401491961,-43.0540478393405,0.96078431372549
66.3453952326769,-43.0316291305831,0.995098039215686
66.3451220927939,-43.0093801543797,0.990049751243781
66.3447527944702,-42.9871392995486,0.952380952380952
66.3444675901076,-42.9647238714386,0.931372549019608
66.3442182585078,-42.9424733712983,0.965174129353234
66.3438626647205,-42.9202317510641,0.906862745098039
66.3435227038282,-42.8978214560823,0.946078431372549
66.3432481719559,-42.8754062019066,0.897058823529412
66.3429403657876,-42.8531622641419,1.00995024875622
66.3425993572139,-42.8309209534731,1.00490196078431
66.3423016002958,-42.8085080130322,0.950980392156863
66.3419799068053,-42.786264918713,0.995024875621891
66.3415970891996,-42.7641906023657,0.965174129353234
66.3412602987904,-42.7416249581392,0.970588235294118
66.3409951876428,-42.7193780086693,1
66.3406600623453,-42.6971376593577,0.995098039215686
66.340255476175,-42.6747379206789,0.990196078431372
66.3398974710599,-42.6523336722944,0.985294117647059
66.3395846614502,-42.6300919602383,1
66.3392318236256,-42.6078539944056,1.00490196078431
66.338876324507,-42.5854491372265,0.990196078431372
66.3385501285706,-42.563209239925,0.970149253731343
66.3381594818937,-42.5409763503134,1.00980392156863
66.3377633243081,-42.5185769881969,1.01333333333333
66.3374695360532,-42.4963353083754,0.975124378109453
66.337125412518,-42.4740985696718,0.980392156862745
66.3367001653623,-42.4517033239478,1.02450980392157
66.3362925039944,-42.4294742125868,1
66.3359516756081,-42.4072381629679,1.01470588235294
66.3355770639873,-42.3848385821162,0.985294117647059
66.3351549696877,-42.3624444655305,1.02941176470588
66.3347468837491,-42.3402164117155,1.00995024875622
66.3344068407283,-42.3181444473566,1
66.3340119028074,-42.2956200814195,0.995098039215686
66.3335658045995,-42.2733975379657,1.00617283950617
66.3331794125277,-42.2511685473472,0.994152046783626
66.3328328445791,-42.2287681844766,0.995098039215686
66.3324002818544,-42.2063776264442,0.965686274509804
66.3319562512174,-42.1841567821382,0.990049751243781
66.3315220025537,-42.1619349337361,1.02941176470588
66.3311012813732,-42.1395441423805,0.995098039215686
66.3307290459259,-42.1173155528324,0.99502487562189
66.3303158748585,-42.0950916810604,1.00980392156863
66.3298392156108,-42.0727085030324,1
66.329390933579,-42.0504899659164,0.97037037037037
66.3290062084316,-42.0282642529683,1.01470588235294
66.32856156118,-42.0058782591795,1
66.3281039272195,-41.9834940575358,0.970588235294118
66.3276888818492,-41.9612727469315,1.00497512437811
66.3272498675066,-41.9390549832564,0.995098039215686
66.3267154654759,-41.9166831563503,0.981481481481482
66.326322971791,-41.8944616712188,1.01058201058201
66.325936626068,-41.8724022594565,1.01990049751244
66.325422743119,-41.8498932870046,1.00490196078431
66.324943037739,-41.8276823124097,1
66.3245016350352,-41.8054665289182,1.02941176470588
66.3240331002335,-41.7830871341282,1.00490196078431
66.3235419477989,-41.760711128355,0.985294117647059
66.3230594690743,-41.7385018898161,0.970149253731343
66.3225702685904,-41.7162941589298,1
66.3220957875142,-41.693917308802,1
66.3216071297955,-41.6717101629258,1.00995024875622
66.3211090895196,-41.6495048631725,1.00490196078431
66.320674062871,-41.6271243996486,0.995098039215686
66.3201664571617,-41.6049216484905,1.02985074626866
66.3196248687656,-41.5827241672531,0.990196078431372
66.3191253168283,-41.5603535783947,0.985294117647059
66.3186262096481,-41.5379831222768,0.965686274509804
66.3180910034333,-41.5157857107826,0.985074626865671
66.3176333987027,-41.4935780745291,0.995098039215686
66.3171430971009,-41.4712079095026,0.955882352941176
66.3165782694271,-41.4490168143128,0.940298507462686
66.3160496608534,-41.4269840089267,1.03980099502488
66.3155187381993,-41.4044966367355,1.00490196078431
66.3149564486926,-41.3821386281254,0.992248062015504
66.3144298683413,-41.3377013032955,0.962962962962963
66.3146040658699,-41.3153066239163,1.01904761904762
66.3149861973064,-41.2930933054953,0.980099502487562
66.3154515222954,-41.2708889361764,1.00490196078431
66.3159253403829,-41.2485177258087,0.980392156862745
66.3163060545723,-41.2263039922155,0.966666666666667
66.3153190116372,-41.1817947667487,0.970760233918129
66.3142086639554,-41.1597331681933,0.99502487562189
66.3131652258596,-41.137652497605,0.975490196078431
66.3121212139028,-41.1154043977845,0.985294117647059
66.3108611690394,-41.0932270796274,0.698412698412699
66.3096331592398,-41.0712091802576,0.862745098039216
66.3085336121803,-41.049149336037,0.811111111111111
66.3071658940299,-41.0270151326161,0.920289855072464
66.3058376512641,-41.0050359609819,0.90625
66.3046917831928,-40.9831573419473,0.901960784313726
66.3034021071396,-40.9608641269492,0.897435897435897
66.3021012724125,-40.9388782993984,0.806451612903226
66.3008867283666,-40.9168621939756,0.740196078431372
66.2996569436493,-40.8946833243255,0.823529411764706
66.2983726808248,-40.8725244473252,0.784313725490196
66.2971043899247,-40.8505295517732,0.766169154228855
66.2958012880015,-40.8285483262204,0.691176470588235
66.2945099195572,-40.8063953624562,0.666666666666667
66.2932748234592,-40.7843925242491,0.63681592039801
66.2919689079178,-40.7624162874815,0.730392156862745
66.2906712069543,-40.7402696725569,0.529411764705882
66.2894329496091,-40.7182720220636,0.646766169154229
66.2881293604745,-40.6962987608688,0.563725490196078
66.2867709278522,-40.6741777012892,0.53448275862069
66.2855054089624,-40.652023347974,0.67156862745098
66.2842261002657,-40.6300436517437,0.577114427860696
66.2829025148478,-40.6080810018264,0.568627450980392
66.2815578503289,-40.5859585981746,0.455882352941177
66.2802388154289,-40.5639966059829,0.283582089552239
66.2789708598753,-40.542181756199,0.422885572139304
66.2776544241005,-40.5199110872931,0.196078431372549
66.2763228657326,-40.4979573893658,0.303482587064677
66.2749735649711,-40.4760114665822,0.284313725490196
66.2736391921083,-40.4538922997769,0.166666666666667
66.2723486458132,-40.4317581282276,0.254901960784314
66.27102885504,-40.4098045864816,0.248756218905473
66.2696549355108,-40.3878726844759,0.181372549019608
66.2682999705461,-40.3657661657966,0.161764705882353
66.2670040311882,-40.3438074377679,0.139303482587065
66.2655973148094,-40.3218919007005,0.157232704402516
66.2642381315781,-40.2997906017257,0.161764705882353
66.262955048369,-40.2778303968884,0.119402985074627
66.2615778389754,-40.2559067159211,0.088235294117647
66.260160304602,-40.2338308710703,0.0196078431372549
66.2588124497212,-40.2118980574856,0.0298507462686567
66.2574902371957,-40.1899568334907,0.0637254901960784
66.2561260647319,-40.1678638556845,0.0490196078431372
66.2547440309214,-40.1457791614128,0.0637254901960784
66.2533719854164,-40.1238609586163,0.0248756218905473
66.2519725467244,-40.102119229074,0.0199004975124378
66.2505773869732,-40.0799263728342,0.0490196078431372
66.2492291321975,-40.0580018604741,0.0199004975124378
66.2478709528759,-40.0360823269234,0.0147058823529412
66.2464437760284,-40.0140223748082,0.0196078431372549
66.2450107918867,-39.9919663699105,0.0343137254901961
66.2436327303492,-39.9700584376223,0.0199004975124378
66.2422520347496,-39.9481525082271,0.0147058823529412
66.2408080772712,-39.9261038352431,0.0196078431372549
66.2394223400886,-39.9042023022388,0.0348258706467662
66.2380338709924,-39.8823033410763,0.0147058823529412
66.2365740221109,-39.8602650175286,0.0245098039215686
66.2351842814159,-39.8383694228899,0.0298507462686567
66.233802739183,-39.8164719331079,0.00490196078431373
66.2323546291855,-39.794432482625,0.00980392156862745
66.2309038607999,-39.7725639463715,0
66.229500778959,-39.750677531002,0.0294117647058823
66.2280572991816,-39.7286399308722,0.0245098039215686
66.2265940692209,-39.7066121699683,0.0196078431372549
66.2251832786187,-39.6847331057862,0.00497512437810945
66.2237915853962,-39.6630116631728,0.00497512437810945
66.2223118247141,-39.6408725065648,0.0196078431372549
66.2208437485501,-39.6190196652632,0.00995024875621891
66.2193801326214,-39.5971663501528,0.0147058823529412
66.2179482502427,-39.5751333363085,0.00980392156862745
66.2165338282586,-39.5532640901087,0.0149253731343284
66.2150406832951,-39.5314301807738,0.00490196078431373
66.2135509867022,-39.5094282523401,0
66.2121287849468,-39.4873983985465,0.00980392156862745
66.2106709790763,-39.4655516282335,0
66.2091945914915,-39.4437132057821,0.0196078431372549
66.2076882334021,-39.4217193996514,0.00490196078431373
66.2062197733121,-39.3998793116696,0.0348258706467662
66.2047615522685,-39.3780369818003,0
66.2032468213356,-39.3560511144006,0
66.2017373922297,-39.334233101626,0
66.2002691051701,-39.3123995324481,0
66.198820225441,-39.2903910646107,0.0476190476190476
66.1975608852804,-39.2683139841689,0
66.1964722964682,-39.2463486556632,0.00900900900900901
66.1951594373245,-39.2246288645342,0
66.1933724142172,-39.2026699715715,0
66.1916085639875,-39.1809766649496,0.00833333333333333
66.1897958635146,-39.1593097202033,0
66.188171510899,-39.1373837850672,0.00490196078431373
66.1866178770349,-39.1154277532945,0
66.1850910017434,-39.0936304702958,0.00497512437810945
66.1834819853034,-39.0718708565585,0.00980392156862745
66.1818141455623,-39.049969920674,0.00980392156862745
66.1801590107328,-39.0282339090114,0.646766169154229
66.178528158321,-39.0064891626621,0.127450980392157
66.1769312553855,-38.984561818354,0.0147058823529412
66.1752972876724,-38.9628216435959,0.00497512437810945
66.1736032336348,-38.9411103691749,0
66.171945004945,-38.9192142272661,0.00490196078431373
66.1703595147671,-38.8974553672897,0.00497512437810945
66.1687713343463,-38.875698397937,0.00490196078431373
66.1670485240009,-38.8538365103874,0.00490196078431373
66.1652523629037,-38.8320126987632,0
66.1636114887507,-38.8102844837713,0.00740740740740741
66.162002981891,-38.7887068524123,0.0149253731343284
66.1603012328679,-38.7667260070958,0.0454545454545455
66.1585934105356,-38.7450326202204,0.00584795321637427
66.1567851011815,-38.7233910018255,0.0166666666666667
66.1551200849685,-38.701511939693,0.0294117647058823
66.1535259348498,-38.6797699005853,0.0597014925373134
66.1518446656891,-38.6580696415657,0.0144927536231884
66.1501601588307,-38.6362041243996,0.0238095238095238
66.1484882199629,-38.6143347117373,0.032520325203252
66.14681993993,-38.5926367421499,0.00995024875621891
66.1451870279277,-38.5709258203714,0
66.0498042165876,-38.5637624733019,0.03125
66.0513472645162,-38.5856023184526,0.00490196078431373
66.0531308833826,-38.6071665407893,0.0497512437810945
66.0550032525768,-38.6286877402609,0.099502487562189
66.0570349437668,-38.6502882311591,0
66.0595138152528,-38.6714323351433,0.0185185185185185
66.0623640925694,-38.6922851869675,0.0796019900497512
66.0654826761813,-38.7130822614108,0.0780141843971631
66.0684876444633,-38.7339794481801,0.0289855072463768
66.0711139159825,-38.7550186442014,0.109452736318408
66.0736015010364,-38.7761638624032,0.191176470588235
66.0760357593601,-38.7975188656727,0.0343137254901961
66.0784812083791,-38.8188690721656,0
66.0812912753672,-38.8397698597685,0.0163934426229508
66.0843937963761,-38.8606612541233,0.0248756218905473
66.0875327529074,-38.8811539454609,0.00995024875621891
66.090749933253,-38.9017110424763,0.018018018018018
66.0942699029432,-38.9221444773274,0.00925925925925926
66.0980885961099,-38.9420737918473,0.054726368159204
66.1020963905844,-38.9617811176498,0.0357142857142857
66.1133099169187,-39.0222143838662,0
66.1165594457261,-39.0427661605861,0
66.1197247809893,-39.0635783326529,0.0343137254901961
66.1228118028067,-39.084287994575,0.00497512437810945
66.125883427153,-39.1050141619193,0.0147058823529412
66.1289939083407,-39.1258843759722,0.0245098039215686
66.1321072648602,-39.1465775447032,0.0298507462686567
66.13525807396,-39.1672387219172,0.00490196078431373
66.1384544824916,-39.1880374340434,0.0294117647058823
66.1416280044879,-39.2086826028546,0.0248756218905473
66.1447999734263,-39.2293318105584,0.00980392156862745
66.1480076350373,-39.2501277638162,0
66.1512484821147,-39.2710660531331,0
66.1544326269774,-39.2915862086797,0.00490196078431373
66.1576478799829,-39.3122046386722,0.00757575757575758
66.161040549088,-39.3326496590474,0.0147058823529412
66.1646380497468,-39.3530654395808,0.0392156862745098
66.1683012805263,-39.373230619508,0.0248756218905473
66.1720737216548,-39.3932754028156,0.00980392156862745
66.175940545429,-39.4133972505076,0.00490196078431373
66.1798134610486,-39.4333303108802,0.00497512437810945
66.1837587789329,-39.4531788118956,0.0444444444444444
66.1879965373004,-39.472843349542,0.00628930817610063
66.1924785492269,-39.4919874073377,0
66.1972011702509,-39.5107756998993,0
66.2021490784525,-39.529409257859,0.0196078431372549
66.2072067463789,-39.5478645499979,0
66.2122659443546,-39.5661192900185,0.00497512437810945
66.2173164274733,-39.5843917743298,0
66.2223908336525,-39.6028314298969,0.00980392156862745
66.2274132490057,-39.6211620305381,0
66.2324180980716,-39.6395261007107,0
66.2375559717292,-39.6580340978842,0.0149253731343284
66.242682245344,-39.6760380176195,0.00497512437810945
66.2478926051491,-39.694058825132,0.00490196078431373
66.2531691938348,-39.7121706568164,0.0196078431372549
66.258417444436,-39.7301311378985,0.00497512437810945
66.2637611489268,-39.7479193357096,0.0072463768115942
66.2755020748205,-39.7818057227171,0.0208333333333333
66.2885857703087,-39.8120331887563,0.0196078431372549
66.3799602199537,-39.7399327966302,0
66.3785765474105,-39.7177455288279,0.0175438596491228
66.3768761146531,-39.6956931112972,0
66.3753157393506,-39.6737470238748,0
66.3740102355923,-39.6516992016244,0
66.3728785297188,-39.629423404934,0
66.3717082977043,-39.6073295069533,0.00995024875621891
66.370567007019,-39.5852268890997,0
66.3695264702517,-39.5629259416108,0.0317460317460317
66.3680404467499,-39.5185256810606,0.0065359477124183
66.3675159763627,-39.496116484328,0
66.3670536932309,-39.4736975752262,0.00490196078431373
66.3664611488745,-39.4514667675496,0.00497512437810945
66.3658100145159,-39.4292500118672,0.00980392156862745
66.3650891310639,-39.4068778900225,0
66.3642072428199,-39.3844396679394,0.0105820105820106
66.3631777214809,-39.3625516641505,0
66.3619602339374,-39.3404819595432,0.00694444444444444
66.36083299069,-39.3182160249919,0.0151515151515152
66.359982902637,-39.2960417134625,0.0933333333333333
66.3593318136746,-39.2738257867322,0.00490196078431373
66.358692856848,-39.2514427478982,0.00793650793650794
66.357832692052,-39.2291090492199,0.0087719298245614
66.3567547008708,-39.2070046129983,0
66.3556344027458,-39.1849210606435,0.245098039215686
66.3545478382596,-39.162666000375,0.0441176470588235
66.3535605284374,-39.1405365965167,0.119402985074627
66.352616444328,-39.1183927120727,0.0175438596491228
66.3522339038454,-39.0291827301005,0
66.3532432677855,-39.0068952677697,0.0490196078431373
66.3542143853962,-38.984760513162,0.0248756218905473
66.3551360533549,-38.9626215810779,0.0151515151515152
66.3574071175626,-38.9182840668908,0.0256410256410256
66.3590425657444,-38.8962207112603,0.106060606060606
66.3603544099947,-38.8741915813169,0.054421768707483
66.3613891685601,-38.8520697567743,0.00505050505050505
66.3623415713526,-38.8297611059863,0
66.3636835221727,-38.8077483757017,0
66.3653462066706,-38.7858807543376,0.191176470588235
66.3670110146103,-38.7638469704554,0.156862745098039
66.3685380196294,-38.7417404391553,0.0677083333333333
66.3717350379634,-38.6977710749174,0.111111111111111
66.3735799604571,-38.6759824971923,0.114035087719298
66.3755358202603,-38.6540760151531,0.133333333333333
66.3786702453437,-38.6102386947159,0.102150537634409
66.3798253628467,-38.5879850626403,0.0666666666666667
66.3810932600533,-38.565766237347,0.0294117647058823
66.3824060453815,-38.5437194783288,0.00497512437810945
66.3837062346003,-38.5216756556509,0.00490196078431373
66.384428412457,-38.5084059150251,0.133333333333333
66.4839534875141,-38.4697885975928,0.194968553459119
66.4909574262356,-38.4836823815765,0.291666666666667
66.4982143066472,-38.4969377945636,0.0641025641025641
66.5179221730022,-38.5423689100739,0.0526315789473684
66.5235465234326,-38.5600094748387,0.0641025641025641
66.5292963814382,-38.5773794414883,0.0245098039215686
66.5351596144525,-38.5944713140193,0.0555555555555556
66.5411388969431,-38.6110669732278,0.0185185185185185
66.5472821973571,-38.6273580501585,0.0256410256410256
66.5535566562017,-38.6435873762366,0.112745098039216
66.5598416884036,-38.6597851076242,0.0294117647058823
66.5661066719173,-38.6757316014935,0.0416666666666667
66.5779361972966,-38.7095808135019,0.25
66.6130371248851,-38.7770170061116,0.0694444444444444
66.6214694054825,-38.7849141530652,0
66.6300195075127,-38.7914577799293,0
66.7004580400468,-38.6932142465333,0.05
66.7034624612459,-38.6719481815215,0.0246913580246914
66.7062989570692,-38.650353453429,0
66.7090442479323,-38.6288596531238,0
66.7118854136336,-38.607442287021,0.0980392156862745
66.7147416111176,-38.5858391343512,0.099502487562189
66.7174565520699,-38.5642540699689,0.0833333333333333
66.7201176119303,-38.5426783837359,0.054726368159204
66.7228214470539,-38.5211344835958,0.053921568627451
66.7255270466522,-38.4994114836725,0.00980392156862745
66.7282212576676,-38.4776775895132,0.0294117647058823
66.7309317427306,-38.4561321287137,0.0447761194029851
66.7336953567473,-38.4346273172403,0.0294117647058823
66.7365302383861,-38.4130004787483,0.0686274509803922
66.7393161847191,-38.3915096595627,0.417910447761194
66.7419982648578,-38.3699329795292,0.0392156862745098
66.7479105100584,-38.327070457632,0.0972222222222222
66.751212532627,-38.3060431071644,0.127450980392157
66.7544603733759,-38.2847791361599,0.175
66.7577994501578,-38.2637876204225,0.010752688172043
66.7613256769177,-38.2429856709185,0.127450980392157
66.764874624374,-38.22202026582,0.0343137254901961
66.7683879732004,-38.2010136579749,0.0735294117647059
66.7717913040268,-38.1800736372946,0.144278606965174
66.7751294837045,-38.1590055494113,0.0656565656565656
66.77844171536,-38.1380129522192,0.0882352941176471
66.7817486990728,-38.1167824743664,0.127450980392157
66.7851231984759,-38.0958003706399,0.0476190476190476
66.7887106838923,-38.0750438458274,0.0119047619047619
66.792499965254,-38.0543270758344,0.00980392156862745
66.7963183882508,-38.033641139226,0.0343137254901961
66.8001029174431,-38.0131001540895,0.134328358208955
66.8039113595792,-37.9925835700833,0.32843137254902
66.8077315910047,-37.9718897595634,0.279411764705882
66.811448071661,-37.951259040666,0.0895522388059702
66.8151487411086,-37.930608254457,0
66.8190775960095,-37.9100403023979,0.26775956284153
66.8230458289302,-37.8897045926132,0.303482587064677
66.8270082365933,-37.8693581421265,0.4375
66.8311414812258,-37.8490379085276,0.2
66.8353752347819,-37.8290415934175,0.054726368159204
66.8396239015615,-37.8090664882194,0.0490196078431372
66.8439149657347,-37.7889483470844,0.127450980392157
66.8482465786568,-37.7688804911652,0.00980392156862745
66.8525973281329,-37.7489003097509,0.0252525252525252
66.8569708620346,-37.7291789552546,0
66.8614041738309,-37.7092667403896,0
66.8659593958107,-37.6897257418298,0.00584795321637427
66.8705674387848,-37.6702446728266,0.0147058823529412
66.8751752839408,-37.650557062527,0.0441176470588235
66.8797084489271,-37.6309563274399,0.054726368159204
66.884164388143,-37.6112406961866,0.215686274509804
66.8885607875276,-37.5912375126508,0.112745098039216
66.8929363783309,-37.5711990854009,0.0735294117647059
66.8973503634603,-37.551404882385,0.0746268656716418
66.901827889767,-37.5317044624552,0.0245098039215686
66.9062859870933,-37.5117992155075,0.00980392156862745
66.9106363316832,-37.4917777161436,0.00490196078431373
66.9148843146761,-37.4718002227054,0.0199004975124378
66.9191671381432,-37.4518183635942,0.053921568627451
66.9234617742009,-37.4316418377885,0.130952380952381
66.9735053113102,-37.3081549951112,0.0617283950617284
66.9818311823285,-37.2993913830513,0.0637254901960784
66.9900692896835,-37.2905195062348,0.0784313725490196
67.0072243487133,-37.2774946669183,0
67.0160907334381,-37.2735569350415,0.00595238095238095
67.02487207347,-37.269371672792,0.0909090909090909
67.0336155709392,-37.264623395903,0.00490196078431373
67.042420069778,-37.2597669769817,0.053921568627451
67.0512305661884,-37.2549739253094,0.0833333333333333
67.0599990448374,-37.2505067741809,0.0746268656716418
67.0687600881878,-37.245943210647,0.00490196078431373
67.0775676481917,-37.2411042231534,0.0147058823529412
67.0863191938463,-37.2364212546253,0
67.0950784840712,-37.2318892863228,0.0196078431372549
67.1038832797353,-37.2271546957242,0.0490196078431373
67.1126914467422,-37.2223234946964,0.141414141414141
67.121409683978,-37.2176743204275,0.299019607843137
67.1302085209953,-37.2130530571611,0.191176470588235
67.1390111393554,-37.2083923681981,0.406862745098039
67.1478207701926,-37.2036236071778,0.053921568627451
67.1565736454677,-37.1989576157372,0.0696517412935323
67.165322348808,-37.1942357545018,0.0882352941176471
67.1741385825747,-37.1895034694341,0.053921568627451
67.1828943266208,-37.1848614749981,0.0497512437810945
67.1916377862259,-37.1800733893373,0.0490196078431373
67.2004489717003,-37.1752727304705,0.0343137254901961
67.209201632401,-37.1705937135915,0.45273631840796
67.217954054235,-37.1659036399787,0.191176470588235
67.2267714079512,-37.1611643957598,0.0441176470588235
67.2355863635774,-37.1563937101028,0.122549019607843
67.2443356096549,-37.1516576343193,0.0746268656716418
67.2530874299562,-37.1469546742064,0.102941176470588
67.2619041556432,-37.142208125119,0.28921568627451
67.2706525643262,-37.1374629397514,0.616915422885572
67.2794012680945,-37.1327182156606,0.348039215686274
67.2882379631128,-37.127950937093,0.0656565656565656
67.2969748502017,-37.1232243113609,0.343137254901961
67.3057851835968,-37.1183881488773,0.176470588235294
67.3145311516295,-37.1136081334884,0.189054726368159
67.3232791393794,-37.1088552667302,0.0882352941176471
67.3320933660528,-37.1040719828141,0.0490196078431372
67.3409055138806,-37.0992805542252,0.132352941176471
67.3496526705061,-37.094530749594,0.208955223880597
67.3583973241009,-37.0897336076196,0.318627450980392
67.3672075122022,-37.0848862748756,0.0980392156862745
67.3759575047016,-37.0801377750857,0.0945273631840796
67.3847085939266,-37.075406475351,0.215686274509804
67.3935207649572,-37.0705927418939,0.142156862745098
67.4022651832439,-37.0657832940064,0.199004975124378
67.4110104667374,-37.0609687383107,0.78921568627451
67.4198234132607,-37.056139010735,0.318627450980392
67.4286374876268,-37.0513212331815,0.563725490196078
67.4373849986083,-37.0465284822991,0.945273631840796
67.4461296996459,-37.0417045201596,0.299019607843137
67.4549403246241,-37.0368493865877,0.181372549019608
67.4637570449611,-37.0320160433485,0.484848484848485
67.4724850176441,-37.0272224107343,0.78921568627451
67.4812274118844,-37.0223600414766,0.766169154228856
67.4899715944832,-37.0175186612495,0.700980392156862
67.4987886262725,-37.0127363270117,0.857843137254902
67.5076059302552,-37.0079550766059,0.715686274509804
67.5163520922313,-37.0031419855234,0.900497512437811
67.5250948600832,-36.9982842759034,0.803921568627451
67.5339058775856,-36.9934198165125,0.799019607843137
67.5426549126782,-36.9886330846208,0.825870646766169
67.551404131238,-36.9838402365822,0.583333333333333
67.560214220359,-36.9789515589879,0.598039215686274
67.5690192576241,-36.9740332210827,0.720588235294118
67.5777629083096,-36.9692072200542,0.781094527363184
67.5865128048571,-36.9644497575313,0.838235294117647
67.5953235630317,-36.9595824833788,0.916666666666667
67.6040656642396,-36.9546949396586,0.840796019900497
67.6128106343598,-36.9498383515608,0.867647058823529
67.6216240599323,-36.9449777277576,0.867647058823529
67.6304369367264,-36.9401104222262,0.980392156862745
67.6392403941877,-36.9352109613888,0.924242424242424
67.6479606693514,-36.9303418775254,0.803921568627451
67.6567050666045,-36.925487927297,0.73134328358209
67.6654510498298,-36.9206458348301,0.715686274509804
67.6742644516529,-36.9157777947584,0.67156862745098
67.6830099743888,-36.9109146979286,0.756218905472636
67.6917526209709,-36.9060153687191,0.661764705882353
67.7005586973284,-36.9010559610282,0.906862745098039
67.7093655300288,-36.8961006452928,0.936274509803921
67.7181110415393,-36.8912298736597,0.925373134328358
67.726858945347,-36.8863885019671,0.887254901960784
67.7356690262093,-36.8814645550664,0.823529411764706
67.7444102606969,-36.876535257779,0.477611940298508
67.7531519099734,-36.8716088060812,0.53921568627451
67.7619603413413,-36.866656601172,0.637254901960784
67.7707045596497,-36.8617588550014,0.736318407960199
67.7794492877319,-36.8568665487411,0.838235294117647
67.7882567844846,-36.8518987623391,0.867647058823529
67.7970630076075,-36.846912837046,0.838235294117647
67.8058038709927,-36.8419664961833,0.925373134328358
67.8145793590217,-36.8370073288238,0.975124378109453
67.8233560983928,-36.8320272199377,0.931372549019608
67.832101871789,-36.8271362636279,0.920398009950249
67.8408460653521,-36.8222238689596,0.931372549019608
67.8496500704609,-36.8171991830024,0.818627450980392
67.8583905005745,-36.8122371102958,0.796019900497512
67.8671332283436,-36.8073054829159,0.848039215686274
67.875941551634,-36.8023323030862,0.823529411764706
67.8847476698045,-36.7973284725428,0.808823529411764
67.8934870330347,-36.7923471622106,0.810945273631841
67.9022284496719,-36.7873893898573,0.5
67.9110378484947,-36.7824204973144,0.431372549019608
67.9197780551554,-36.77744390817,0.761194029850746
67.9285144405967,-36.7724181957161,0.691176470588235
67.9373188930421,-36.7673824306302,0.84313725490196
67.9461257228648,-36.762374387679,0.78921568627451
67.9548672205444,-36.757406751895,0.796019900497512
67.9636050839355,-36.7523926129163,0.730392156862745
67.9724054808142,-36.7472997837809,0.705882352941176
67.9811448855372,-36.7423023820743,0.641791044776119
67.9899247994064,-36.7373782370205,0.646766169154229
67.9987069989884,-36.7324379499613,0.696078431372549
68.0074451056837,-36.7274190114126,0.776119402985074
68.0161825471627,-36.7223892547139,0.367647058823529
68.0249901211151,-36.7173744825033,0.495098039215686
68.0337988965882,-36.7123731505907,0.32843137254902
68.0425406898766,-36.7073918267738,0.36318407960199
68.0512791969691,-36.7023695866167,0.598039215686274
68.0600822002965,-36.6972930411824,0.549019607843138
68.0688217504289,-36.6922790861277,0.661691542288557
68.0775618326561,-36.6872699470545,0.465686274509804
68.0863686090449,-36.6822332179981,0.392156862745098
68.095106997819,-36.6771986486761,0.233830845771144
68.1038439232752,-36.6721439777531,0.549019607843137
68.1126465910209,-36.6670502838728,0.490196078431373
68.121450381141,-36.6619713401764,0.416666666666667
68.1301915949624,-36.6569669562799,0.208955223880597
68.1389322642883,-36.6519534958897,0.279411764705882
68.1477355848095,-36.646861781406,0.240196078431373
68.1564731649506,-36.6418055401244,0.164179104477612
68.1652469437585,-36.6367119981372,0.17910447761194
68.1740218261804,-36.6316230299992,0.215686274509804
68.1827613899558,-36.6265859438671,0.109452736318408
68.1915009465049,-36.6215464641713,0.245098039215686
68.2003042098418,-36.6164421911792,0.196078431372549
68.2091058867235,-36.6113169763683,0.176470588235294
68.2178406684069,-36.606213144641,0.149253731343284
68.2265782421271,-36.6011421094592,0.28921568627451
68.2353821119136,-36.5960386768412,0.0833333333333333
68.2441181158187,-36.5909444178829,0.124378109452736
68.2528514276642,-36.5858149979304,0.0441176470588235
68.2616515707064,-36.5806594868203,0.122549019607843
68.2703886832968,-36.5755734537738,0.0945273631840796
68.2791259885032,-36.5704877713877,0.0637254901960784
68.2879283473987,-36.5653539186435,0.0686274509803921
68.2967280287943,-36.5601848154514,0.0588235294117647
68.305463709135,-36.5550738428615,0.0895522388059701
68.3142023326305,-36.5500007257997,0.132352941176471
68.3230049742736,-36.5448675465816,0.0784313725490196
68.3317371032258,-36.5397073800304,0.109452736318408
68.3405035434158,-36.5345331836025,0.233830845771144
68.3492771886032,-36.5294095955774,0.137254901960784
68.3580129024429,-36.5242872052938,0.054726368159204
68.3667442064685,-36.5191079568857,0.0588235294117647
68.3755405515209,-36.51388385541,0.053921568627451
68.3843392577335,-36.508687082345,0.0441176470588235
68.3930748095838,-36.5035572799618,0.0696517412935323
68.4018095434594,-36.4984136240704,0.0294117647058823
68.4106093296331,-36.4932215448283,0.0490196078431373
68.4193439139023,-36.4880746728252,0.0895522388059701
68.4280775218125,-36.4829152437612,0.0637254901960784
68.4368733031454,-36.4776706084158,0.0343137254901961
68.4456039565042,-36.4724688647323,0.0497512437810945
68.4543369573229,-36.4672942930571,0.0735294117647059
68.4631354854571,-36.4620749403971,0.0196078431372549
68.4719315353591,-36.4568215743586,0.0735294117647059
68.4806630508667,-36.4516193442022,0.0298507462686567
68.4893967718562,-36.4464452972207,0.215686274509804
68.4981968996581,-36.4412432887392,0.17156862745098
68.5069280556741,-36.4360356959993,0.109452736318408
68.5156918127675,-36.4307315313442,0.104477611940298
68.5244567652274,-36.4254390537356,0.0735294117647059
68.5331935871877,-36.4202917118682,0.104477611940298
68.5419340324164,-36.4151882305732,0.0343137254901961
68.550732507102,-36.4099473420195,0.161764705882353
68.5595265319739,-36.4046488265329,0.127450980392157
68.5682579348368,-36.399425452038,0.109452736318408
68.5769915003715,-36.3942272512985,0.0931372549019608
68.5857895013868,-36.3889725830196,0.0686274509803921
68.5945205834926,-36.3837394274459,0.194029850746269
68.6032526083911,-36.3785160564536,0.147058823529412
68.6120508002718,-36.3732578534364,0.156862745098039
68.6207844230253,-36.3680506511081,0.0945273631840796
68.6295156618976,-36.3628116942046,0.0588235294117647
68.6383102720358,-36.3575028530403,0.151960784313726
68.6471082152898,-36.3522337309565,0.0882352941176471
68.6558423125782,-36.3470248376167,0.0298507462686567
68.6645718230067,-36.3417564465713,0.117647058823529
68.6733660458937,-36.3364349870371,0.0882352941176471
68.6820962013455,-36.3311717624446,0.0646766169154229
68.6908639423602,-36.3258824008954,0.169154228855721
68.6996313506695,-36.3205821031059,0.215686274509804
68.7083617739758,-36.3153151085845,0.0895522388059702
68.7170916471502,-36.3100392585649,0.25
68.725886058268,-36.3047079996016,0.151960784313726
68.7346156779141,-36.2994250845751,0.0945273631840796
68.7433456253015,-36.2941442495644,0.205882352941176
68.7521421297441,-36.2888332414965,0.225490196078431
68.760936596716,-36.2834946821093,0.181372549019608
68.7696636514472,-36.2781717031145,0.0746268656716418
68.7783908876211,-36.2728490033217,0.274509803921569
68.787185797962,-36.267510063839,0.313725490196078
68.7959164661417,-36.2622264867773,0.288557213930348
68.8046468141411,-36.2569368658245,0.220588235294118
68.8134395747119,-36.2515649932133,0.235294117647059
68.822164547454,-36.2462043939068,0.169154228855721
68.8308890688526,-36.2408480039296,0.465686274509804
68.8396832022464,-36.2355012001444,0.245098039215686
68.8484792564337,-36.2301697566864,0.274509803921569
68.8572068675602,-36.2248364111433,0.154228855721393
68.8659646320992,-36.2194351557702,0.248756218905473
68.8747250173445,-36.2140386114057,0.42156862745098
68.883451112929,-36.2086930568356,0.323383084577114
68.8921781273641,-36.2033608387476,0.338235294117647
68.9009710611248,-36.1979774021438,0.151960784313726
68.9097598170066,-36.1925352829212,0.127450980392157
68.9184803151464,-36.1870975201484,0.174129353233831
68.9272026615367,-36.1816849053647,0.372549019607843
68.9359978025089,-36.17633194198,0.450980392156863
68.9447269558476,-36.171005515066,0.129353233830846
68.9534482807667,-36.1655728860859,0.0490196078431373
68.9622343528329,-36.1600844482904,0.112745098039216
68.9709614419328,-36.1547189004949,0.0248756218905473
68.979689190512,-36.1493640199871,0.0833333333333333
68.9884767724592,-36.1438943023942,0.0294117647058823
68.9972573653244,-36.1383317372827,0.0833333333333333
69.0059759057896,-36.1328510402587,0.139303482587065
69.0147040384823,-36.1274875484872,0.122549019607843
69.0235031956631,-36.1221480945945,0.0441176470588235
69.0322310833943,-36.1167749392642,0.054726368159204
69.0409823147517,-36.1112960002237,0.149253731343284
69.0497390560536,-36.1058223412746,0.181372549019608
69.0584661153202,-36.1004363391699,0.0995024875621891
69.0671955303467,-36.0950749032468,0.0343137254901961
69.0759864984126,-36.0896195779673,0.053921568627451
69.0847757748291,-36.0841450906739,0.0392156862745098
69.0935002620902,-36.0787193495194,0.134328358208955
69.1022256168772,-36.0733004310822,0.225490196078431
69.1110123789015,-36.0677852008251,0.313725490196078
69.1197326750232,-36.0622975075389,0.447761194029851
69.1284575628558,-36.0568656185434,0.377450980392157
69.1372458718289,-36.0513778857129,0.215686274509804
69.146031954947,-36.0458764090025,0.0833333333333333
69.1547559888367,-36.0404374821383,0.6318407960199
69.163478344856,-36.0349653869142,0.382352941176471
69.1722630474263,-36.0294112403837,0.200980392156863
69.1809863889878,-36.0239544397683,0.313432835820895
69.1897109383398,-36.0185160716786,0.558823529411764
69.1984942533104,-36.0129459498924,0.421568627450981
69.2072132889972,-36.0074289057034,0.358208955223881
69.2159771028992,-36.0019823616782,0.338308457711443
69.2247376585117,-35.9964890747231,0.627450980392157
69.2335167055088,-35.9908632991733,0.651960784313725
69.2422380029511,-35.9853638802676,0.17910447761194
69.2509645669077,-35.9799238163,0.446078431372549
69.2597475720148,-35.9743254615334,0.318627450980392
69.2684613928068,-35.9687215885955,0.557213930348259
69.2771831735046,-35.9632159185283,0.593137254901961
69.2859742047141,-35.9577137477261,0.519607843137255
69.2946948638872,-35.9521886090943,0.248756218905473
69.3034085163056,-35.9465731171879,0.181372549019608
69.3121930584537,-35.9409944610269,0.509803921568628
69.3209825636892,-35.935487558061,0.627450980392157
69.3296968594624,-35.9298876228969,0.611940298507463
69.3384078473652,-35.9242389610537,0.612745098039216
69.3471927816189,-35.918651107578,0.392156862745098
69.3559192971659,-35.9131902010117,0.313432835820896
69.3646383135613,-35.9076514931331,0.5
69.3734118701547,-35.9019519378845,0.450980392156863
69.3821912177678,-35.8963115030905,0.446078431372549
69.3909546457167,-35.8907620047206,0.419191919191919
69.3996429006701,-35.885190410596,0.166666666666667
69.4084181750585,-35.8794709947195,0.122549019607843
69.417134516477,-35.8738666277261,0.208955223880597
69.4258566420669,-35.8683273771331,0.0980392156862745
69.434639645944,-35.8626848307993,0.196078431372549
69.4433513563106,-35.857009968325,0.134328358208955
69.4520699704413,-35.851421712945,0.107843137254902
69.4608560022635,-35.8458217610632,0.382352941176471
69.4696314274462,-35.8400880270401,0.294117647058824
69.4783409600552,-35.8343873052152,0.278606965174129
69.4870593427088,-35.8287889264313,0.137254901960784
69.4958439770135,-35.8231535396719,0.53921568627451
69.5045629308192,-35.817558437191,0.54228855721393
69.5132817868008,-35.8119648061622,0.137254901960784
69.5220614404716,-35.8062601575741,0.102941176470588
69.5307768701489,-35.8006106657073,0.288557213930348
69.5394962927193,-35.7950093943929,0.0441176470588235
69.5482804664806,-35.789353437386,0.0882352941176471
69.5570599839424,-35.7836364308561,0.151960784313726
69.5658120049006,-35.7779440962656,0.0656565656565656
69.5745015926627,-35.7723585474541,0.32843137254902
69.5832818392009,-35.7666465366819,0.259803921568627
69.5919922764823,-35.7609216718263,0.134328358208955
69.6007081769913,-35.7552739750815,0.0392156862745098
69.6094912595935,-35.7496044945102,0.186274509803922
69.6182022627522,-35.7438849172204,0.17910447761194
69.6269126496578,-35.7381502932685,0.0931372549019608
69.6356957135974,-35.7324605140713,0.0343137254901961
69.6444805995758,-35.7267910178601,0.00980392156862745
69.6531941988859,-35.721089153264,0.0497512437810945
69.6619040616883,-35.715338030398,0.107843137254902
69.6706833815012,-35.7095944695454,0.0637254901960784
69.6794029274716,-35.7039637983452,0.054726368159204
69.68811672064,-35.698257117918,0.0294117647058824
69.6968891416951,-35.6924177904326,0.0441176470588235
69.705600197498,-35.6866709177986,0.0646766169154229
69.7143175235999,-35.6810007795634,0.0343137254901961
69.7230944495532,-35.6752153996642,0.0196078431372549
69.7318679848693,-35.6693966578191,0.0490196078431372
69.7406239118836,-35.6636353586513,0.0252525252525252
69.7493082778267,-35.6579130502066,0.0343137254901961
69.7580818232938,-35.6520727159495,0.0343137254901961
69.7667949279192,-35.6463367663715,0.0497512437810945
69.7755111800957,-35.6406385053921,0.0196078431372549
69.7842868001992,-35.6348163120701,0.0147058823529412
69.7929937339972,-35.62899493722,0.0199004975124378
69.8017068596976,-35.6232491581102,0.00490196078431373
69.8104877290405,-35.6174860433179,0.0490196078431372
69.8192619138997,-35.6116368897076,0.0147058823529412
69.8279677207733,-35.6058037040832,0
69.8366737399657,-35.5999771362329,0.0245098039215686
69.8454525834684,-35.5941969730808,0.0294117647058823
69.85416181416,-35.5884007610659,0.0149253731343284
69.8628638146961,-35.5825047692894,0.053921568627451
69.8716386281675,-35.5766525542381,0.00980392156862745
69.8803540113475,-35.570916086714,0
69.8890641610875,-35.5651116318205,0.00490196078431373
69.8978333449208,-35.5591800229101,0.0343137254901961
69.9066051618562,-35.5532790602879,0.00980392156862745
69.9153617485016,-35.5474864067461,0.0404040404040404
69.9240406372023,-35.5416486673436,0.0441176470588235
69.9328071982799,-35.5356736194459,0.0294117647058823
69.9415172551547,-35.5298531899852,0.0199004975124378
69.9502309150999,-35.524076684569,0.0343137254901961
69.9589997608075,-35.5181235710505,0.0147058823529412
69.9677005967549,-35.5121802085299,0.0149253731343284
69.9764114956429,-35.5063611653953,0.0245098039215686
69.9851839534988,-35.5004475852459,0.0512820512820513
70.0608302071597,-35.2705884543073,0
70.0627768042736,-35.2450336707287,0.0199004975124378
70.0645801081101,-35.2193851737611,0.0147058823529412
70.0663764442341,-35.1935291261147,0
70.0681491720633,-35.1678577590291,0.0149253731343284
70.069910997552,-35.1421782125367,0.0196078431372549
70.0716531107586,-35.1162859974997,0
70.0731875208247,-35.0902812352855,0.0350877192982456
70.074477045077,-35.0643580267315,0
70.0756940364199,-35.0384018568198,0.00490196078431373
70.0768962481495,-35.0122382849419,0.0196078431372549
70.0780628111022,-34.986257562298,0.0298507462686567
70.0791983302536,-34.9602638041484,0.0196078431372549
70.0803112003403,-34.9340618911568,0.00490196078431373
70.0813594022357,-34.9080344334397,0
70.0822445589812,-34.8819545053569,0.0229885057471264
70.0829350662958,-34.8556248759676,0.0147058823529412
70.0835275448031,-34.8292732627987,0.0931372549019608
70.0840804712218,-34.8031111137891,0.0199004975124378
70.0845965958597,-34.7768972051233,0.00505050505050505
70.0850688809665,-34.7507406300214,0.0196078431372549
70.0855014845509,-34.7243606464659,0.00490196078431373
70.0858876796467,-34.6979733931527,0.0147058823529412
70.0862235024262,-34.671776140779,0.00497512437810945
70.0865107028673,-34.645573385948,0.00490196078431373
70.0867489020075,-34.6191688846386,0.0147058823529412
70.0869360279987,-34.5929577187835,0.0149253731343284
70.0870418623951,-34.5667431614629,0
70.086902553688,-34.5403343883528,0
70.0865447003083,-34.5141391276905,0.00995024875621891
70.0861066191931,-34.487954537292,0.00490196078431373
70.0856068191344,-34.4615826498583,0.00980392156862745
70.0850434019505,-34.4352226710398,0.0245098039215686
70.0844167668407,-34.4090733057898,0.0398009950248756
70.0837220512881,-34.3829395168776,0.0441176470588235
70.0829506039726,-34.3566272835364,0.0490196078431372
70.0820925211085,-34.3305375752339,0.0222222222222222
70.0275251923468,-34.0400553340325,0.0123456790123457
70.0205293945425,-34.0234791579774,0.0245098039215686
70.0134750867301,-34.0074393523406,0.0199004975124378
70.0063158534923,-33.9918073302761,0.00490196078431373
69.9990173731647,-33.9764023251531,0.0196078431372549
69.9917179102633,-33.9613450927691,0.0298507462686567
69.9843761484627,-33.9464714905882,0.0392156862745098
69.9769391818889,-33.9316660305631,0.0931372549019608
69.9694676742953,-33.9170151934629,0.153153153153153
69.9359597465551,-33.8848300261381,0.0810810810810811
69.926994253209,-33.8824207660678,0.0476190476190476
69.9180770343672,-33.88081974077,0.185185185185185
69.9091462763408,-33.8800563293772,0.0683760683760684
69.9002210351738,-33.8789382569441,0.0740740740740741
69.882421335714,-33.8726570085716,0.0617283950617284
69.8735409578038,-33.868339996095,0.0343137254901961
69.8647324352864,-33.8639676933103,0.128654970760234
69.8559004611042,-33.8600250684624,0.0931372549019608
69.8469924618924,-33.856224844487,0.0931372549019608
69.8381530009835,-33.8524228252124,0.189054726368159
69.8293115231726,-33.8486705703729,0.0784313725490196
69.820401521674,-33.8449456760619,0.338235294117647
69.8114929075256,-33.8412218533444,0.401960784313726
69.8026402491361,-33.8377355706572,0.555555555555556
69.793793482638,-33.8341078929846,0.731343283582089
69.7848825703394,-33.830395491232,0.277777777777778
69.7759812631616,-33.8263519421447,0.666666666666666
69.7671399585254,-33.8225331416789,0.67156862745098
69.7582876312303,-33.8190199198148,0.81592039800995
69.7494398266393,-33.8154365678194,0.720430107526882
69.7405377516546,-33.8115634851887,0.696078431372549
69.731698387098,-33.8077747979727,0.587064676616916
69.7228498148421,-33.8041603341497,0.852941176470588
69.7139363718209,-33.8004867323434,0.818627450980392
69.7050939307617,-33.7967497019255,0.741293532338308
69.6962528515044,-33.7929906594069,0.642156862745098
69.6873429861164,-33.7892513682334,0.91358024691358
69.6697764765885,-33.778920865742,0.821428571428572
69.6610590713161,-33.7732778869106,0.96078431372549
69.6522141938662,-33.7684346931565,0.851851851851852
69.6434443164238,-33.7635029512243,0.916666666666667
69.6347058498862,-33.7581357715841,0.916666666666667
69.6258997850518,-33.7527578089598,0.872549019607843
69.6171358617165,-33.7477512719904,0.885572139303482
69.6083703943291,-33.742763025964,0.733333333333333
69.5995667106656,-33.7375227164235,0.873737373737374
69.5908199705086,-33.7322939458069,0.754901960784314
69.5819929617726,-33.727198089867,0.32843137254902
69.5731643318496,-33.7221347992776,0.475490196078431
69.5644117908425,-33.7169803648883,0.791044776119403
69.5556591055044,-33.7118347008976,0.892156862745098
69.5468245491228,-33.7068776275404,0.931372549019608
69.538059465506,-33.7018880893952,0.826086956521739
69.5293141928471,-33.6966207067135,0.955882352941177
69.5204991353194,-33.6913745496935,0.92156862745098
69.5116721652524,-33.6862910547461,0.666666666666667
69.5029108637867,-33.6812478972375,0.681592039800995
69.4941478259768,-33.6762315338077,0.568627450980392
69.4853213608434,-33.6711475118576,0.519607843137255
69.4765635399952,-33.6660655819512,0.855721393034826
69.467806293501,-33.6609770713115,0.887254901960784
69.4589715946352,-33.6560183877465,0.862745098039215
69.4502071999992,-33.6510355265703,0.582089552238806
69.4414559421708,-33.6458683639324,0.245098039215686
69.4326381407725,-33.6406738106718,0.147058823529412
69.4238396568315,-33.6357629327735,0.474747474747475
69.415085082612,-33.6309380769931,0.421568627450981
69.406264552612,-33.6258196647925,0.553921568627451
69.3974461984403,-33.6206397295082,0.32843137254902
69.3886850952937,-33.615616459734,0.139303482587065
69.379918548608,-33.6106780064092,0.0931372549019608
69.371091112853,-33.6056492136146,0.323529411764706
69.3623317849931,-33.600648316494,0.676616915422885
69.3535696231176,-33.5956880526711,0.401960784313726
69.3447423115538,-33.590678683876,0.215686274509804
69.3359834014196,-33.5856548518701,0.348258706467662
69.327224177494,-33.5806186882574,0.0735294117647059
69.3183948786727,-33.5756041911023,0.0784313725490196
69.3095647812064,-33.570604734669,0.117647058823529
69.3008020253683,-33.5656261810519,0.0696517412935323
69.2920399221188,-33.5606476858488,0.132352941176471
69.2832166328018,-33.5555693209735,0.0735294117647059
69.2744580384264,-33.5505509607015,0.0895522388059701
69.2656948916307,-33.5456075672465,0.161764705882353
69.2568666328299,-33.5406048903887,0.0686274509803921
69.2480312065745,-33.5355943231614,0.0149253731343284
69.2392973954438,-33.5306628636679,0.0447761194029851
69.2305363731413,-33.5257374574161,0.0490196078431372
69.2217123633406,-33.5207564390991,0.0196078431372549
69.2128840495112,-33.5157994754999,0
69.2040762259637,-33.5115908028879,0
69.1952047796841,-33.5085781177482,0
69.1862735278869,-33.5053570316937,0.0065359477124183
69.177424133388,-33.5018214518105,0.0138888888888889
69.1685828159391,-33.4981318657072,0.0147058823529412
69.1596656847221,-33.4945941758246,0.0441176470588235
69.150811307078,-33.4911578375607,0.0398009950248756
69.1419617152544,-33.4876400076229,0.00980392156862745
69.1330466503023,-33.4840751365552,0.00980392156862745
69.1241358663364,-33.4804225097044,0.0490196078431372
69.1152935990246,-33.4768114545782,0.104477611940299
69.1064481178612,-33.4733177058773,0.0637254901960784
69.0975380484174,-33.4697643038219,0.0637254901960784
69.0886970522603,-33.4662116729891,0.104477611940299
69.0798451197132,-33.4627760539929,0.181372549019608
69.0708788948109,-33.4592628371734,0.0696517412935323
69.0620392591756,-33.4556874073365,0.164179104477612
69.0531940029286,-33.4520872860833,0.0931372549019608
69.0442771441085,-33.4485547754835,0.0882352941176471
69.0354223342282,-33.4451334286412,0.0845771144278607
69.026570232261,-33.4416626428339,0.166666666666667
69.0176634427913,-33.4379903272304,0.156862745098039
69.0088242736904,-33.4343771373001,0.0497512437810945
68.9999684435472,-33.4310716999466,0.0735294117647059
68.9910515568256,-33.4276019274969,0.230392156862745
68.9821414793206,-33.4239555570862,0.147058823529412
68.9732950952506,-33.4203800750249,0.0646766169154229
68.9644389272637,-33.4169995006114,0.0952380952380952
68.9555229789125,-33.4134947197541,0.0529100529100529
68.9466822722333,-33.4098947500416,0.00995024875621891
68.9378314757895,-33.4065354209068,0.053921568627451
68.9289089168333,-33.4032440379147,0.0343137254901961
68.9199970095416,-33.3997287885947,0.183333333333333
68.9111589347771,-33.396107964041,0.154228855721393
68.9023122391619,-33.3926533575886,0.176470588235294
68.8933712385363,-33.3892887650379,0.154228855721393
68.884481335775,-33.3857852050474,0.156862745098039
68.8756398287382,-33.3821795672289,0.298507462686567
68.8667887002104,-33.3787070896917,0.455882352941177
68.8578643672387,-33.3753285288339,0.243386243386243
68.8490085194871,-33.371947174705,0.446428571428572
68.8401605206881,-33.3684151401875,0.628571428571429
68.8312716550854,-33.3644121000473,0.169491525423729
68.8224557010403,-33.3603151100027,0.265432098765432
68.782993865429,-33.3069561909164,0.229166666666667
68.7763487409464,-33.2901721964354,0.129032258064516
68.769907330586,-33.2730827668736,0.376068376068376
68.756837141025,-33.2392935351251,0.325925925925926
68.7499272618133,-33.2235016839641,0.197916666666667
68.7385670008541,-33.1967212020986,0.0666666666666667
69.1741035081,-32.6015715296647,0
69.1736395651527,-32.6188972304838,0.107843137254902
69.1728481439526,-32.6439142834936,0.111111111111111
69.1720179455306,-32.6691011270269,0.0933333333333333
69.1712059508921,-32.6942586956487,0.111111111111111
69.1703324118415,-32.7191916137962,0
69.1692805711638,-32.7440911925009,0
69.1684580338521,-32.7692608532648,0.0666666666666667
69.1679983048945,-32.7945185847236,0.0343137254901961
69.1676994152975,-32.819616894654,0.0845771144278607
69.1673240172178,-32.8447028665302,0
69.1665974190443,-32.8699129574841,0.0933333333333333
69.1655833329614,-32.8948583471387,0.00995024875621891
69.1644500509453,-32.9197654934284,0.0686274509803921
69.1632740172155,-32.9448464667011,0.193939393939394
69.1621469879714,-32.9697527285587,0.114035087719298
69.161235863934,-32.9947271965948,0.112994350282486
69.1604534950691,-33.0199259881282,0.181372549019608
69.1596819886209,-33.0451249922714,0.0784313725490196
69.1588426948532,-33.0701124805,0.136752136752137
69.1579281308903,-33.0950606353833,0.191666666666667
69.1570819062971,-33.1203128112079,0.0933333333333333
69.1561095308336,-33.1452632621972,0.0796019900497513
69.1551584329719,-33.1702119904187,0.176470588235294
69.1541283085764,-33.1953245627768,0.297297297297297
69.1528704261388,-33.2201696017462,0.461538461538462
69.1513340246165,-33.2448882980922,0.333333333333333
69.1494888001749,-33.2696296004189,0.0416666666666667
69.1475549752481,-33.2941227289598,0.104477611940299
69.1457446756665,-33.3186866729525,0.169934640522876
69.1412921374318,-33.367608681728,0.0689655172413793
69.138364643612,-33.3913061054633,0.188034188034188
69.1356303079588,-33.4151772798167,0.00709219858156028
69.1331340500203,-33.4394500708229,0
69.1307883459064,-33.4636412700216,0
69.1286802410957,-33.4880007734861,0.0962962962962963
69.126641479668,-33.5125950965705,0.0784313725490196
69.1245464111361,-33.5369548956368,0.0945273631840796
69.1224638865621,-33.561324550973,0.0686274509803921
69.120294930108,-33.5857691216949,0.00497512437810945
69.1180220689122,-33.6102173788075,0.0196078431372549
69.1157618976598,-33.6344577720016,0.0398009950248756
69.1134660521581,-33.6586668253932,0.0392156862745098
69.1110644882152,-33.6829882831178,0.0294117647058824
69.1086650663275,-33.7071151706901,0.0199004975124378
69.1062317799089,-33.7312109051932,0.0735294117647059
69.1038015089805,-33.7555012456168,0.016260162601626
69.1015290583108,-33.7797121396831,0.0298507462686567
69.0993740047322,-33.8040060535207,0.0294117647058824
69.0972428107265,-33.828508475222,0.00490196078431373
69.0951291376322,-33.8530135015863,0.00980392156862745
69.0929412649575,-33.8772676951566,0.104477611940298
69.0907077745688,-33.9014946653589,0.0169491525423729
69.0884684374201,-33.9259120608477,0
69.0862525145711,-33.9501489349152,0.0256410256410256
69.0843520149326,-33.9745898310902,0
69.0822887081889,-33.9991157830864,0.0170940170940171
69.080052929077,-34.0233306467902,0.0579710144927536
69.0779184430358,-34.0476165739661,0.00490196078431373
69.0758086565506,-34.0720873234833,0.0199004975124378
69.0737323163101,-34.096482801882,0.0398009950248756
69.0716757133579,-34.1208153668391,0.0931372549019608
69.0695867567696,-34.1453144303521,0.0701754385964912
69.0672775308882,-34.1696540427048,0.101449275362319
69.0650700357578,-34.1938730850018,0.0697674418604651
69.0629624629995,-34.2181610738775,0.0980392156862745
69.0607189358677,-34.2425446670299,0.112745098039216
69.0585160343401,-34.2667604205334,0.154228855721393
69.0563916583404,-34.291028455453,0.156862745098039
69.0541998988712,-34.3154415930533,0.156862745098039
69.0519825212901,-34.339641658789,0.109452736318408
69.0497927196727,-34.3638588495957,0.0833333333333333
69.0476013772746,-34.38826525578,0.102941176470588
69.0453921704704,-34.4126558817365,0.0833333333333333
69.0431756259704,-34.4368466184999,0.0696517412935323
69.0409474152201,-34.4610263827417,0.137254901960784
69.0387320457174,-34.4854064494373,0.593137254901961
69.0365413576645,-34.5096064588091,0.442786069651741
69.0343122431655,-34.5337736649124,0.299019607843137
69.0320518976051,-34.5580775439575,0.203980099502488
69.0297754315823,-34.5822692627649,0.109452736318408
69.027545833225,-34.6064330825731,0.127450980392157
69.0253381846375,-34.6307980989449,0.318627450980392
69.0231018781353,-34.6551325734179,0.450980392156863
69.0208452253188,-34.6792564065321,0.437810945273632
69.0186062363814,-34.7033930487477,0.946078431372549
69.0163772858398,-34.7277294327117,0.897058823529411
69.0141401915782,-34.751864490071,0.950248756218905
69.0118792137628,-34.7759783090212,0.936274509803921
69.0095932914731,-34.8002655519729,0.901960784313725
69.0073227661716,-34.8245625371357,0.975490196078431
69.00507103474,-34.84868070738,0.850746268656716
69.0027947413161,-34.872781196996,0.838235294117647
69.0005048563705,-34.8970628905386,0.950980392156862
68.9982501875098,-34.9211729393779,0.940298507462687
68.995991557258,-34.9452784621995,0.470588235294118
68.9937643030049,-34.9695970259865,0.985294117647059
68.9916092581205,-34.9937697242665,0.954545454545455
68.9891880132728,-35.0177398979194,0.847619047619048
68.9867657581748,-35.0418906447319,0.981481481481481
68.9846140428613,-35.0661512643325,0.954022988505747
68.9823171676681,-35.0902080278242,0.603448275862069
68.9798913474403,-35.1143630107714,0.454545454545454
68.9776386817701,-35.1384521155171,0.766169154228856
68.9753921583306,-35.1625431293506,0.872549019607843
68.9729993408477,-35.1867166123157,0.926470588235294
68.9706412359383,-35.2109151762823,0.583333333333333
68.9683832409463,-35.2349922876831,0.761194029850746
68.9660692811191,-35.2590239788532,0.676470588235294
68.9636725309874,-35.2831838643286,0.784313725490196
68.961348645047,-35.307201988425,0.557213930348259
68.9590759767079,-35.3312569390349,0.779411764705882
68.9567145825178,-35.3554369949895,0.235294117647059
68.9542968671088,-35.3795714377008,0.284313725490196
68.9519798282596,-35.4035854682911,0.497512437810945
68.9496996510843,-35.4276245270961,0.612745098039216
68.9473235706473,-35.4517834920716,0.490196078431373
68.9449360833738,-35.4757379417145,0.378109452736318
68.9426052489252,-35.4997327851404,0.696078431372549
68.9402725470314,-35.5238648522393,0.6318407960199
68.937892747075,-35.5478465284535,0.467661691542289
68.9355092894774,-35.5717936547973,0.455882352941177
68.9331345176526,-35.5959378908865,0.387254901960784
68.9307590623521,-35.6200789416384,0.240196078431372
68.9283770102589,-35.6440187025744,0.154228855721393
68.925996099838,-35.667957054207,0.122549019607843
68.9235975596885,-35.6920730092269,0.225490196078431
68.9212122882058,-35.7160027328125,0.3681592039801
68.9188331107631,-35.7399347988222,0.32843137254902
68.9164292303401,-35.7640390453032,0.264705882352941
68.9140076455888,-35.7881270983741,0.529411764705882
68.9116112266455,-35.8120382232984,0.328358208955224
68.9092416410184,-35.8359669999258,0.166666666666667
68.9068299857012,-35.8600539692641,0.308823529411765
68.9044114263417,-35.8839392508044,0.194029850746269
68.9019869891335,-35.9078174831227,0.112745098039216
68.899566091582,-35.931890012999,0.186274509803922
68.8971751818547,-35.955789730598,0.0646766169154229
68.8947576173049,-35.9796662057655,0.147058823529412
68.8923092025901,-36.0036744829372,0.26865671641791
68.889877798053,-36.0275911984057,0.243781094527363
68.8874520629839,-36.0514534370932,0.225490196078431
68.8849943540724,-36.0754816763389,0.32843137254902
68.882533430001,-36.099504704033,0.294117647058823
68.8800999219173,-36.1233525172816,0.208955223880597
68.8776600452639,-36.147192914654,0.274509803921569
68.8751764311721,-36.171189944355,0.338235294117647
68.8727266862814,-36.1950173955163,0.283582089552239
68.8702387305891,-36.2188117673546,0.318627450980392
68.8677653658831,-36.2428087962659,0.343137254901961
68.8653498176271,-36.2666549792952,0.283582089552239
68.8628900915491,-36.2904635941868,0.406862745098039
68.8603822273451,-36.3144248954742,0.406862745098039
68.8578883890699,-36.3383946332075,0.323529411764706
68.8554412403531,-36.3622051117375,0.338308457711443
68.8529827428414,-36.3860040471105,0.392156862745098
68.8504718799618,-36.4099524507694,0.441176470588235
68.8479717912365,-36.4337130169968,0.283582089552239
68.8454896433861,-36.4574852799341,0.333333333333333
68.8429929081828,-36.4814051339175,0.233830845771144
68.8404906285643,-36.5052175854774,0.228855721393035
68.8379872258355,-36.5289647556012,0.166666666666667
68.8354853947637,-36.5529041554733,0.21078431372549
68.8329737723956,-36.5768329834801,0.215686274509804
68.8304880272364,-36.6005862032367,0.174129353233831
68.8280483979434,-36.6243732882533,0.141414141414141
68.8254700579707,-36.6482385465761,0.148717948717949
68.8228616637969,-36.6718823493128,0.0694444444444444
68.8203982969942,-36.6956421140678,0.220588235294118
68.8179194626008,-36.7195804695726,0.122549019607843
68.8153455243303,-36.7432453955673,0.159203980099502
68.8127686611095,-36.7669051964752,0.245098039215686
68.8102454404121,-36.7908000630076,0.132352941176471
68.8077212046983,-36.8146914450001,0.348039215686275
68.8051697718861,-36.8383643015845,0.114427860696517
68.8025999192972,-36.8620192693277,0.0784313725490196
68.8000435665733,-36.8858763713117,0.0980392156862745
68.7975181979119,-36.9095624980262,0.109452736318408
68.7949592744939,-36.9332183426133,0.186274509803922
68.7923615752231,-36.957000697699,0.129353233830846
68.7897963319466,-36.9807064632379,0.293532338308458
68.7872624837741,-37.0043746581617,0.0588235294117647
68.7846828831215,-37.0281960366691,0.0588235294117647
68.7820748976682,-37.0519910639374,0.0490196078431372
68.779495114591,-37.075613090527,0.0597014925373134
68.7769348969894,-37.0992486590208,0.0588235294117647
68.7743565091954,-37.1230600672203,0.132352941176471
68.7717728706706,-37.1466706963144,0.0945273631840796
68.7691782472909,-37.1702694929771,0.137254901960784
68.7665677292504,-37.1940459616906,0.127450980392157
68.7639811019386,-37.2176458633724,0.0597014925373134
68.7613845894229,-37.2412347617919,0.0441176470588235
68.7587542665722,-37.2649862190955,0.0343137254901961
68.7561371716414,-37.288745922658,0.053921568627451
68.753536274957,-37.3123227978535,0.0895522388059701
68.7509230388252,-37.3358866044717,0.053921568627451
68.7482956741724,-37.3596294146763,0
68.745682199373,-37.3831874801936,0.0149253731343284
68.7430538669301,-37.4067302502492,0.0294117647058823
68.7404066952298,-37.4304112851565,0.109452736318408
68.737732494571,-37.4539632148157,0.0398009950248756
68.7351078380421,-37.4775005901732,0.0931372549019608
68.7325037344449,-37.501246098656,0.0931372549019608
68.7298636763409,-37.5249585721031,0.122549019607843
68.7271869722257,-37.5484432304145,0.0845771144278607
68.7245356994645,-37.5719468536269,0.161764705882353
68.7219157949895,-37.5956679209166,0.0686274509803921
68.71928311943,-37.6191818263581,0.0497512437810945
68.7165889368225,-37.6426402019847,0.0980392156862745
68.7138950412473,-37.6662898313876,0.112745098039216
68.7112785961716,-37.6898091228911,0.0845771144278607
68.7086405137684,-37.7133072594687,0.0833333333333333
68.7059327347183,-37.7369365554684,0.112745098039216
68.7032225809179,-37.7605609174198,0.107843137254902
68.7005627894342,-37.7840321623497,0.129353233830846
68.6979072978934,-37.8075043289083,0.17156862745098
68.695206125417,-37.8311280210333,0.0784313725490196
68.6925133676338,-37.8545624365826,0.0746268656716418
68.6898399871135,-37.8780107925333,0.127450980392157
68.687151017745,-37.9015971667616,0.0845771144278607
68.6844453606261,-37.9250613574019,0.0895522388059701
68.6817353490431,-37.9484692777983,0.0784313725490196
68.6790347033517,-37.9720758519382,0.122549019607843
68.6763329785489,-37.9956790915014,0.0637254901960784
68.6736238654937,-38.0190793973505,0.129353233830846
68.6708998711022,-38.0424636943775,0.132352941176471
68.6681610704162,-38.0660258208716,0.186274509803922
68.6654691450604,-38.0894326580255,0.104477611940299
68.6627562758871,-38.1128184748331,0.107843137254902
68.6600039884896,-38.1363605740798,0.132352941176471
68.6572745588724,-38.1597261660603,0.228855721393035
68.6545463336017,-38.1830899203571,0.259803921568627
68.6518094021542,-38.2066366718821,0.230392156862745
68.6490689167177,-38.2301773994686,0.127450980392157
68.6463245131682,-38.2535181929593,0.213930348258706
68.6435823192276,-38.276858277013,0.0686274509803922
68.6408279365896,-38.300378439503,0.200980392156863
68.6380950769185,-38.3237210612404,0.149253731343284
68.6353480013548,-38.3470482647509,0.235294117647059
68.6325530049852,-38.3704839457932,0.303482587064677
68.6297198817485,-38.3937771896565,0.228855721393035
68.6269708686302,-38.4170935128799,0.186274509803922
68.6242681744728,-38.4406412746725,0.176470588235294
68.6214777403406,-38.4641087662732,0.235294117647059
68.6186465847215,-38.4873429754278,0.248756218905473
68.6158888580518,-38.510640249707,0.166666666666667
68.6131528102267,-38.5341475380144,0.137254901960784
68.6103690980962,-38.5574161114603,0.278606965174129
68.6075394205606,-38.5806402953836,0.21078431372549
68.6047153535676,-38.6040604288811,0.186274509803922
68.6019891869782,-38.6273714510692,0.398009950248756
68.5992285155748,-38.6506489986329,0.254901960784314
68.5963667229118,-38.6740262640878,0.343137254901961
68.593529556984,-38.6974229947338,0.28921568627451
68.590767016145,-38.7206904024254,0.223880597014925
68.5879907021362,-38.7439425990762,0.284313725490196
68.5851418945718,-38.7673201109121,0.220588235294118
68.5823019994615,-38.7905089518365,0.139303482587065
68.5794904845468,-38.8137206660813,0.186274509803922
68.576683059961,-38.8370930643693,0.338308457711443
68.5738696453607,-38.8603556824158,0.422885572139304
68.5710345011736,-38.883536985573,0.215686274509804
68.5681623299314,-38.9068753789727,0.205882352941177
68.5653116497181,-38.9302304406598,0.181372549019608
68.5624993832038,-38.9534239246383,0.243781094527363
68.5596558911552,-38.976586130846,0.274509803921569
68.5567877162547,-38.999916605567,0.245098039215686
68.5539478735319,-39.0230764265539,0.194029850746269
68.5511245463342,-39.0462483852707,0.181372549019608
68.5482602881803,-39.0695736262352,0.274509803921569
68.5453967573255,-39.0927028652989,0.17910447761194
68.5425374372649,-39.1158329609409,0.338235294117647
68.5396889318875,-39.1391635725538,0.32843137254902
68.5367977512504,-39.1624519014019,0.225490196078431
68.5338970146925,-39.1855346579086,0.258706467661692
68.5309931660476,-39.2086115382528,0.318627450980392
68.5281125124733,-39.2319006291782,0.32843137254902
68.5252776859158,-39.255035381088,0.422885572139304
68.5224010087458,-39.2781286937802,0.352941176470588
68.5194825010137,-39.3013384201632,0.393034825870647
68.5165789150641,-39.324456620138,0.298507462686567
68.5136978013512,-39.3475368526553,0.28921568627451
68.5108029863319,-39.370795069965,0.259803921568627
68.5078991918271,-39.3940420257501,0.254901960784314
68.5049927044204,-39.4170898800399,0.313432835820896
68.5020759893365,-39.4401251868816,0.166666666666667
68.4991559277615,-39.4633480905556,0.215686274509804
68.4962651910077,-39.4864017576302,0.17910447761194
68.4933469674851,-39.509426704454,0.270114942528736
68.4903848689782,-39.5326008180171,0.269230769230769
68.4875201123674,-39.555669553473,0.228855721393035
68.484611494581,-39.5786946555829,0.284313725490196
68.481634986396,-39.6018466318813,0.240196078431372
68.478680481801,-39.6250163627278,0.161764705882353
68.4757815685599,-39.6480418398162,0.233830845771144
68.4728654699859,-39.671048226993,0.132352941176471
68.4698804000051,-39.694179930842,0.362745098039216
68.4669178568772,-39.717136263629,0.154228855721393
68.464003875475,-39.7401356140813,0.215686274509804
68.4610752304023,-39.7632785827548,0.154228855721393
68.4580972203737,-39.7862707532347,0.0995024875621891
68.4551185574147,-39.8091996987507,0.220588235294118
68.452167702685,-39.8323457525399,0.215686274509804
68.4492449051239,-39.8553217820222,0.308457711442786
68.4462601085707,-39.878235732412,0.200980392156863
68.4432485224434,-39.9013147125973,0.196078431372549
68.4402929624988,-39.9244441413779,0.142156862745098
68.437345548159,-39.9473848451391,0.253731343283582
68.4343515512595,-39.9702780404547,0.151960784313726
68.4313440001176,-39.9933489499277,0.176470588235294
68.4283974551333,-40.0162816490185,0.0995024875621891
68.425436515736,-40.0391976440492,0.17156862745098
68.4224181256699,-40.0622491395765,0.21078431372549
68.4193889590631,-40.0852871224527,0.166666666666667
68.4164003557842,-40.1081674848835,0.124378109452736
68.4133912852724,-40.1310249871053,0.0637254901960784
68.4103956801238,-40.1540861531393,0.0833333333333333
68.4074055242923,-40.1769559351696,0.0895522388059701
68.4043818500796,-40.1997901700476,0.0588235294117647
68.401334423876,-40.2227441635488,0.0398009950248756
68.3983288036756,-40.2456262046367,0.129353233830846
68.3953297907202,-40.2684753207948,0.117647058823529
68.3922823783287,-40.2914680671981,0.205882352941176
68.389232974288,-40.3144557983491,0.127450980392157
68.3862252543883,-40.3372873234786,0.159203980099502
68.3832117382195,-40.3601098887681,0.0392156862745098
68.3801569100054,-40.3830828096707,0.0931372549019608
68.3771182170787,-40.4058747602836,0.228855721393035
68.3740594180401,-40.4286438157771,0.122549019607843
68.3709493117804,-40.4515529958719,0.205882352941176
68.3679308134994,-40.4743555565944,0.238805970149254
68.3649497251809,-40.4971913711964,0.181372549019608
68.3618556863527,-40.5201071728386,0.153005464480874
68.3587420734192,-40.543000586437,0.308823529411765
68.3557222150731,-40.5657897300515,0.174129353233831
68.3526813626366,-40.5885553305916,0.196078431372549
68.3495750627405,-40.611447082766,0.17156862745098
68.3464969705524,-40.6341699212055,0.174129353233831
68.3434443075441,-40.6569148430529,0.117647058823529
68.3403717425414,-40.6797798928772,0.134328358208955
68.3372486153625,-40.7026741101295,0.181372549019608
68.3341660515235,-40.725380189014,0.0298507462686567
68.331114774417,-40.7481142203709,0.0686274509803921
68.3280161205672,-40.770991912517,0.191176470588235
68.324917420279,-40.7936727715342,0.124378109452736
68.321837578918,-40.8163693135019,0.259803921568627
68.318749707167,-40.8392484205328,0.176470588235294
68.315646581421,-40.8619155039895,0.228855721393035
68.3125293752721,-40.8845655352598,0.254901960784314
68.3094201202192,-40.9074141415021,0.166666666666667
68.3063208028632,-40.9302695334224,0.191176470588235
68.303205553417,-40.9529122876569,0.288557213930348
68.300080249779,-40.9755418384789,0.205882352941176
68.2969524989971,-40.9983595850462,0.156862745098039
68.293850878386,-41.0210066442882,0.18407960199005
68.2907355139576,-41.043636827265,0.303921568627451
68.287578810247,-41.0664159851031,0.367647058823529
68.2844321238863,-41.0890083254418,0.427860696517413
68.28132303165,-41.1116354829451,0.42156862745098
68.2781713335515,-41.1343602568458,0.226190476190476
68.2749333351848,-41.1570769091149,0.436274509803922
68.2718169661086,-41.1796870944458,0.248756218905473
68.2687450834279,-41.202338827252,0.372549019607843
68.2655618298979,-41.2250690637241,0.406862745098039
68.2623668837869,-41.2475902948872,0.318407960199005
68.2592244110298,-41.2701621142702,0.279411764705882
68.2560897903133,-41.2929319480876,0.279569892473118
68.2529951382224,-41.3155444204761,0.4
68.2497580781172,-41.3380093595646,0.269607843137255
68.2465685380102,-41.3607143490255,0.269607843137255
68.2434449280204,-41.3834829682595,0.401960784313726
68.2402815997226,-41.4060148059704,0.383084577114428
68.2370584525547,-41.4284821272515,0.245098039215686
68.2338479221183,-41.4511532353142,0.411764705882353
68.2307047918748,-41.4736964795051,0.447761194029851
68.227542704565,-41.4962172759458,0.372549019607843
68.2242971311429,-41.5188428145196,0.426470588235294
68.2210667752491,-41.5412870091468,0.203980099502488
68.2178576965015,-41.563749574774,0.296296296296296
68.2147801105293,-41.5864974183648,0.395348837209302
68.2115778720549,-41.6092060350747,0.275
68.2082560153121,-41.6315405587651,0.156862745098039
68.205064127564,-41.6540075208751,0.274509803921569
68.2019222880756,-41.6767163048659,0.212121212121212
68.1986626909422,-41.6991076218154,0.278606965174129
68.1954450259322,-41.7215397752787,0.274509803921569
68.1922498362811,-41.7441857098428,0.259803921568627
68.1890342532524,-41.7666139184601,0.0796019900497512
68.1857805397034,-41.788999036371,0.235294117647059
68.1825440185085,-41.8115923020577,0.220588235294118
68.1793281713836,-41.834204301495,0.264705882352941
68.1760783804332,-41.8565842919652,0.26865671641791
68.1728100094148,-41.8789415721698,0.284313725490196
68.1695631776457,-41.9015120516209,0.264705882352941
68.1663397833126,-41.9239101574108,0.139303482587065
68.1631206532003,-41.9463095643381,0.220588235294118
68.1598481676401,-41.9688438454857,0.176470588235294
68.1565740382546,-41.9911793712158,0.218905472636816
68.1533064527893,-42.0135185175103,0.166666666666667
68.1500724547327,-42.0360425917436,0.27363184079602
68.1468515745627,-42.0584719987762,0.194029850746269
68.1435710813472,-42.0807881248841,0.245098039215686
68.1402427269922,-42.1032441865976,0.333333333333333
68.136983959784,-42.1257702447645,0.166666666666667
68.1337672931593,-42.1481435801954,0.313432835820896
68.1304542686582,-42.1704122606872,0.186274509803922
68.1271322396878,-42.1928620367486,0.294117647058824
68.1239044022361,-42.2152143820835,0.328358208955224
68.120637872036,-42.2375229447887,0.416666666666667
68.1172828252714,-42.2599280618288,0.230392156862745
68.1140142758564,-42.2822280754892,0.199004975124378
68.1107381756211,-42.3045165869972,0.384615384615385
68.1073174899337,-42.3268405322513,0.266666666666667
68.104003436352,-42.3492755603333,0.291666666666667
68.1008088863488,-42.3716397381251,0.393034825870647
68.0974812113227,-42.3938603896248,0.333333333333333
68.0940725435119,-42.4161845875933,0.333333333333333
68.0908208654805,-42.4384795690392,0.442786069651741
68.0875718231834,-42.4607743423024,0.441176470588235
68.0841853354897,-42.4830503517314,0.482587064676617
68.0808094049404,-42.50540977857,0.497175141242938
68.0775535789316,-42.5276876494545,0.432835820895522
68.0742592453606,-42.5499211643991,0.416666666666667
68.0708393943529,-42.5722101222538,0.489247311827957
68.0675208677239,-42.5944111889456,0.349206349206349
68.0642663084615,-42.6166775667051,0.406862745098039
68.060867604467,-42.6389806426457,0.495098039215686
68.0574809934785,-42.661099576511,0.362573099415205
68.0541852765056,-42.6833130148523,0.333333333333333
68.0508793858352,-42.7057063445915,0.455882352941177
68.0474970096996,-42.7280145546669,0.377450980392157
68.0440853075764,-42.7500937076272,0.482587064676617
68.0407332244043,-42.7722344470826,0.519607843137255
68.0374006289654,-42.7945866277261,0.431372549019608
68.0340330375979,-42.8167042232396,0.482587064676617
68.0306371509166,-42.8387878246183,0.558823529411765
68.0272695107515,-42.8610926895881,0.57843137254902
68.0239028128412,-42.8832017502422,0.63681592039801
68.0205041806022,-42.9052727291253,0.573529411764706
68.0171065532488,-42.92750217112,0.582089552238806
68.0137773822791,-42.949701486636,0.746268656716418
68.0104198914287,-42.9718073508324,0.563725490196079
68.0069643142172,-42.9939965067157,0.504901960784314
68.0035443602479,-43.0162213085626,0.602941176470588
68.0002033633989,-43.0383353216901,0.562189054726368
67.9968134710084,-43.0603928905214,0.647435897435898
67.9933388381183,-43.0825479658067,0.691176470588235
67.9899770145104,-43.1046298317454,0.681592039800995
67.9866307059599,-43.1267253835897,0.637254901960784
67.983176358421,-43.1488932724192,0.656862745098039
67.9797319318301,-43.1708749282338,0.741293532338309
67.9763597491698,-43.192932773806,0.67156862745098
67.9729403409121,-43.2151292739816,0.593137254901961
67.9694548062718,-43.2372495194819,0.651960784313725
67.9660467191689,-43.259258253151,0.641791044776119
67.9626667889534,-43.2812944933228,0.681372549019608
67.9592004492094,-43.303425547527,0.740196078431373
67.955737252355,-43.3253630820362,0.616915422885572
67.9523356316132,-43.3473647275712,0.661764705882353
67.948926632336,-43.3694927942548,0.606965174129353
67.9454289574606,-43.3916007115084,0.495098039215686
67.9419565416261,-43.4135152394966,0.631840796019901
67.9385644646602,-43.4355156156045,0.696078431372549
67.9351261802996,-43.4576553304092,0.637254901960784
67.9316293782815,-43.4795330971643,0.731343283582089
67.9281679184475,-43.5014471304542,0.549019607843137
67.924750269627,-43.5235999654509,0.666666666666667
67.9212914156118,-43.5455102610746,0.825870646766169
67.9177855384463,-43.567364823173,0.740196078431373
67.9143066853039,-43.5894403348239,0.759803921568627
67.9108502408868,-43.6115374983138,0.75
67.9073693784191,-43.6334105383166,0.865671641791045
67.9038746887783,-43.6552646858038,0.82843137254902
67.9003973082437,-43.6773278377853,0.642156862745098
67.8969356372067,-43.6992034874338,0.666666666666666
67.8934323695908,-43.7210242384798,0.549019607843137
67.8899417571596,-43.7430529769717,0.514705882352941
67.8864455728446,-43.7650746265402,0.583333333333333
67.8829515429911,-43.7869052196161,0.621890547263682
67.8794829275587,-43.8087642555205,0.393034825870647
67.8760035619807,-43.8307207768007,0.447761194029851
67.8724982929214,-43.8525341861166,0.573529411764706
67.8689512696984,-43.8744893130313,0.28921568627451
67.8654630014172,-43.8963127394626,0.26865671641791
